10 29 6.944109123328237
21 37 6.288991860653726
29 45 6.490669315275969
37 53 6.831282230789138
62 73 5.744016500044664
69 78 5.527274982134635
73 82 5.977279225999656
78 91 5.259388266694393
78 95 5.733919302224531
82 95 5.275232425486011
82 102 6.132914352106366
91 102 5.420068152479982
111 125 5.292043370203983
111 136 5.14702028160077
111 144 6.320323337696679
116 136 5.468415653489251
116 144 5.192589956041601
116 152 5.914887597016542
125 144 5.5339747849480885
125 152 5.037605422779292
125 161 5.9056761659704415
136 152 5.41703063087501
136 161 5.131621931876898
136 170 6.118215890436833
144 161 5.532198852174445
144 170 5.4674743264752665
144 182 5.072406035681202
144 186 4.893382823092804
144 194 5.838668462206118
152 170 5.747094399312371
152 182 5.479892663258265
161 182 6.004344142835611
170 186 5.575884931375902
182 194 6.926682709416908
182 582 6.55757436706058
186 201 6.930034130123633
186 565 6.208024276818379
186 582 5.751402744139873
186 590 5.579855104256589
186 594 4.855805744173704
186 605 6.695427396035264
194 210 6.303342693900829
194 565 6.713062530881591
194 594 5.2842580184345245
194 605 5.948411230237773
201 218 6.529879030842788
201 594 6.233577454901969
201 605 4.623855629823787
201 613 5.963155689532482
201 621 6.670247609278312
210 224 6.678874414529227
210 235 6.9688282110679145
210 243 6.761931570837607
210 605 5.956933207670487
210 613 4.945230187025564
210 621 6.1822494347114905
218 231 5.543459427488366
218 235 5.422497111992713
218 243 6.145517919183125
218 613 5.903214817070723
218 621 5.219174689145214
218 629 6.91161370440637
224 235 5.4079190696665025
224 243 4.912838689100992
224 251 5.885659685417314
231 243 5.50683024804368
231 251 5.321961507791905
231 259 6.270062660847362
235 251 5.51650478147859
235 259 5.223302275298255
235 270 6.215973930179056
243 259 5.470088818154362
243 270 4.991515719608164
243 275 6.295198552128498
251 270 5.258430539124807
251 275 5.29596224549291
251 280 6.63153630655192
259 275 5.815813068226471
259 280 5.783349087893136
259 287 6.850172579677161
270 280 5.524003428826878
270 287 5.420625912599036
270 296 6.416402969691789
275 287 5.550993147494849
275 296 5.335608744458586
275 302 6.473947938683231
275 306 6.6255564253021575
275 321 6.905368987258366
275 329 4.016041074533305
280 296 5.566779692517705
280 302 5.441144268326115
280 329 4.159560164222745
280 333 5.667090971180705
280 351 6.4523743554514565
280 356 5.049832133609494
287 302 5.442094700384007
296 306 5.649020263786809
296 329 6.7658590633774125
302 312 6.603562215545963
302 329 5.38461374077375
302 333 5.56184721202655
306 321 5.60052572794035
306 329 4.950048957924022
306 333 6.061136565298287
312 329 5.513869933890184
312 333 5.433235459279262
312 342 6.4521847063511
321 333 5.392474605098366
321 342 4.876904761321768
321 351 6.104535802801052
321 482 6.942172047420677
329 342 5.348688370146926
329 351 5.004427621878879
329 356 5.90565775189563
333 351 5.3582228022298
333 356 4.9782858149552105
333 365 6.402188834598638
342 356 5.6560316084738576
342 365 5.709805280470351
342 373 6.655068725638845
351 365 5.460671417011819
351 373 5.138116411875622
351 381 6.247066395124332
351 423 6.870665551059885
356 373 5.538689756324294
356 381 5.354721799864832
356 389 5.955638503196036
365 381 5.51019379570652
365 389 4.93088642788138
365 397 5.902971064330839
373 389 5.465190957179148
373 397 5.154753207950343
373 402 6.2739575659421565
373 406 4.911347803448103
373 415 6.480972799054495
373 423 6.457411776169099
381 397 5.414750420783884
381 402 4.94419957618175
381 406 5.526922495559459
381 415 6.653111953190618
389 402 5.280427672458382
397 406 5.310215102896379
402 415 6.661027503322641
406 423 6.550880134941111
415 430 6.298192542015452
423 437 6.650253495323546
423 454 6.446768790647376
423 462 6.74872699843614
430 445 5.1688007283196935
430 454 5.365181849660589
430 462 6.2694412029085305
437 454 5.514635733826099
437 462 4.884273167462098
437 469 6.038689601678625
437 684 6.383345341416199
445 462 5.380822936309493
445 469 5.378711311236396
445 477 6.313167940803736
454 469 5.554425071052065
454 477 4.973170089558149
454 482 6.307723283488123
462 477 5.284241055705915
462 482 5.171102724243848
462 490 6.357472593984224
469 482 5.470919982712717
469 490 5.046177553297139
469 497 6.199647331305112
469 711 6.628559639372179
477 490 5.421155064288103
477 497 5.158583575713577
477 506 6.128736872982038
482 497 5.457784690561824
482 506 4.9679392536230695
482 515 5.781101346073864
490 506 5.391721604223689
490 515 4.921266348984213
490 526 5.937171762960838
497 515 5.481578133690391
497 526 5.515810335623385
497 534 6.2811862444268165
506 526 5.811171851632398
506 534 5.2874202599597115
515 534 5.170066041971587
515 539 5.5269956662216915
526 539 5.278410268475506
526 565 5.4918649906819885
534 548 6.359178825993094
534 565 6.816090726291419
539 557 5.549708701799803
539 565 5.833636636158542
548 565 5.232589686827266
548 571 5.089387667954595
557 571 5.398600221615926
565 582 5.349232267163277
565 590 5.015740647693318
565 594 5.6369349461143115
571 590 5.6456276943856425
582 594 6.824943577862321
594 613 6.235030666718348
605 621 6.025692245009874
613 629 6.446674213543853
613 633 6.203945197435356
621 633 5.829521423213791
629 644 6.266591743852318
629 651 6.736129583122532
633 651 5.14005113002957
644 662 5.758787313337695
644 684 5.467330087080667
644 693 5.391777909333412
651 684 6.6282579027651956
651 1357 6.6310982706874
662 677 5.396253847838635
662 684 5.208028520733106
662 693 6.219684950115532
662 1349 6.694957538478679
662 1357 6.583818158534435
662 1376 5.787646794640306
669 684 5.336073323124307
669 693 4.851157791847452
669 698 5.772372226821587
669 1376 5.265260534087751
669 1396 6.832905854501142
677 693 5.549193627085085
677 698 5.253427328900605
677 706 6.2934407689971525
684 698 5.505499798786783
684 706 5.258850339818625
684 711 6.4660211994267485
693 706 5.434397151664943
693 711 5.249346284133499
693 719 6.558562098489258
698 711 5.447219430817727
698 719 5.156808548271539
698 728 6.33307760586391
706 719 5.24404961036868
706 728 4.887327929426988
706 737 6.136964878610222
711 728 5.446978817143457
711 737 5.214508017659215
711 742 6.494379928224352
711 746 5.193856575004868
719 737 5.459466740903351
719 742 5.170441376781037
719 746 5.330014863165124
719 754 5.993596140529465
728 742 5.309759929729044
737 746 5.649326025913035
742 754 5.971078360673786
746 762 6.732081590110198
754 769 6.818835280152082
762 777 5.59121475957138
762 1475 6.13963214117626
769 1475 5.030031451329906
769 1482 5.980668263676041
777 796 6.1486143281413
777 1475 5.875727977710055
777 1482 4.841667262252753
777 1491 5.744935921506486
789 804 6.577498545726404
789 1482 6.266023859001123
789 1491 4.750669419124594
789 1503 6.422084407004272
796 813 6.2444681073514925
796 1491 5.8793294762227655
796 1503 4.996692801338413
796 1508 5.867849651495937
796 1517 6.91359152967203
804 824 5.897813349024946
804 1503 6.308777873527782
804 1508 4.811526376231157
804 1517 5.907092663710713
813 832 6.759592441809858
813 1508 6.2294995598232195
813 1517 4.850368418558133
813 1524 6.38133271631233
813 1532 5.66248331004096
824 839 6.690626952956906
824 1508 6.571383640963986
824 1517 5.521972448644449
824 1524 5.04105094788882
824 1532 5.093641574500844
832 846 6.454173924246813
832 863 6.761030827077584
832 871 6.685520563202142
832 1524 6.525205837097614
832 1532 5.174056554523667
832 1536 5.813902394484162
839 854 5.464849047890242
839 863 5.310976592321387
839 871 6.350418734623845
846 863 5.400609684771438
846 871 5.026354201179021
846 879 5.9609832739399495
854 871 5.3784987570624825
854 879 4.906013954495687
854 886 6.0802470812090545
863 879 5.418388614167862
863 886 5.056125542073893
863 894 6.0700842676926055
871 886 5.361551060841352
871 894 4.902425959099848
871 905 6.3138165421885155
879 894 5.486202934106819
879 905 5.323594733870648
879 913 5.886034092351109
879 1231 6.956339350146416
879 1256 6.5392945136251175
879 1263 6.949569971030713
886 905 5.326108049494073
886 913 5.775774266460536
886 920 6.06912653191446
894 913 6.473231101245919
894 920 6.449053470688753
905 920 5.341779085165243
905 924 5.796706269761697
905 1214 5.597184780925732
913 924 5.659433023577419
913 1214 4.778301778001395
913 1222 5.555720423758928
913 1231 5.371376908725247
920 935 6.830559138339846
920 1015 5.664886288390882
920 1025 5.863112692578906
924 946 6.635932615282963
924 996 6.972808121330298
924 1003 5.504722312995215
924 1015 4.189867712211456
924 1025 6.178126913820876
924 1179 6.363549615269032
935 996 6.06372096376093
935 1003 5.171416893343455
935 1015 6.021019565820172
935 1164 5.705934934226426
935 1172 5.040733821654323
935 1179 4.762745638608947
946 963 5.774862614900835
946 981 6.457565605902511
946 985 5.6029981724513185
946 996 4.364470737115854
946 1003 5.907727209701053
946 1164 5.154576784884342
946 1172 5.091037118425762
946 1179 5.891182092269194
953 968 5.917893837714428
953 975 5.977224105941688
953 981 5.5670383639993295
953 985 5.133159848378719
953 996 6.421558893017017
953 1112 6.0956488421741355
953 1155 6.923816756099637
953 1164 4.620388840379236
953 1172 6.215161213592312
963 975 5.768943248195274
963 981 5.445396811690431
963 1164 6.90535042460036
963 1172 6.782262695418565
968 981 5.9846320829552
975 985 5.542115305119417
981 996 6.323215001215717
985 1003 6.943401581154255
1003 1025 6.516550306932869
1003 1052 5.175888949548281
1003 1060 5.471700291687075
1003 1067 6.347825673929584
1015 1032 5.2711044910418
1015 1041 4.9964645950733
1015 1052 4.789459548052644
1015 1060 5.25227102919798
1025 1041 6.152320309638837
1025 1052 6.329748462882588
1025 1060 4.6429965945376575
1032 1052 5.974762246390364
1032 1060 5.973580994120203
1041 1060 6.254118532213407
1052 1067 6.506993593272378
1060 1074 6.4662720146484425
1060 1090 6.276389185257064
1067 1083 5.3336165588788935
1067 1090 4.908988493342252
1067 1099 6.728275709091068
1067 1103 6.4265978100145125
1067 1112 6.350491913813582
1067 1120 6.093549529177478
1074 1090 5.686332016565779
1074 1120 6.156416650488466
1083 1099 6.254377105667487
1083 1103 5.2437375631436245
1083 1120 6.7194523356203835
1090 1103 5.368717003278312
1099 1112 6.897272978965832
1099 1155 6.040668308759847
1099 1164 5.72816203736575
1103 1120 6.22395976459471
1103 1142 5.576050902769207
1103 1146 5.488761186844674
1103 1155 4.5220947819588835
1103 1164 5.5824369621768275
1112 1128 5.669987630843579
1112 1135 5.770060686376107
1112 1142 5.048636234464013
1112 1146 5.094717111444831
1112 1155 5.826133074394061
1112 1164 5.907886851315325
1120 1135 5.892016024056972
1120 1142 5.633898697188756
1128 1142 6.014116439590485
1135 1146 5.042493352707304
1142 1155 6.700307549470689
1146 1164 6.563945093295047
1155 1172 6.8215472643626365
1172 1186 6.584692269228333
1179 1197 6.466361159937795
1179 1214 6.4709621440324945
1186 1206 5.340519936672788
1186 1214 5.125240669574191
1186 1222 6.9417279303871
1197 1214 5.403696676436559
1197 1222 5.448141110057616
1206 1222 5.3363102383246455
1206 1249 6.083362673046839
1206 1256 6.722745408629641
1214 1231 6.279365689399255
1214 1256 6.389756294363074
1222 1240 5.545349243511511
1222 1249 5.299461323681666
1222 1256 6.085812968542789
1231 1249 5.4564697373247135
1231 1256 5.022991845837101
1231 1263 6.030158736347159
1240 1256 5.524726666589501
1240 1263 5.438819124426244
1240 1274 6.1992400961054654
1249 1263 5.677205869380118
1249 1274 5.207250783331343
1249 1283 6.266257063044392
1256 1274 5.364776731808747
1256 1283 5.207865292938308
1256 1294 6.430811848287643
1263 1283 5.533291691695806
1263 1294 5.244590855980756
1263 1302 6.411304084186686
1274 1294 5.371039942200719
1274 1302 5.303032484322705
1274 1309 6.106037506547025
1283 1302 5.6689155885403855
1283 1309 5.132630723103222
1283 1318 6.07636072983389
1294 1309 5.306900500278963
1294 1318 4.862425387171853
1294 1330 6.147706851490914
1302 1318 5.289698214836231
1302 1330 5.0631470610621765
1302 1340 6.204920134143104
1309 1330 5.55050820503975
1309 1340 5.59554520750255
1309 1349 6.364480259266188
1318 1340 5.798813715604785
1318 1349 5.309005480789593
1318 1357 5.997828115288119
1330 1349 5.211310801408393
1330 1357 5.076319503459423
1330 1364 5.546678663586256
1340 1357 5.851811296475234
1340 1364 5.745440283504474
1349 1364 5.880966444550619
1357 1369 5.639126061684022
1357 1376 5.094657589090133
1357 1384 6.2263179916115785
1364 1376 5.542928687100587
1364 1384 5.456849474248095
1364 1392 6.454534166328897
1369 1384 5.418704722449447
1369 1392 4.766811824031889
1369 1396 5.892810802905943
1376 1392 5.194560039734777
1376 1396 4.722077327804468
1376 1408 6.138552012932341
1384 1396 5.349016654837012
1384 1408 5.1269130932135445
1384 1420 6.262571571381617
1392 1408 5.417204973388177
1392 1420 5.127294019879729
1392 1426 6.329812586579991
1396 1420 5.530822476644698
1396 1426 5.353180047326738
1396 1435 6.30641221499866
1408 1426 5.459439263252049
1408 1435 4.893935435994423
1408 1444 5.978517746967547
1408 1491 6.593981532767853
1420 1435 5.244100269032723
1420 1444 4.793494387656025
1420 1449 6.104152614399278
1420 1491 6.166396758380039
1426 1444 5.389551094188909
1426 1449 5.072847773184999
1426 1458 6.04981678248391
1435 1449 5.4083869793384425
1435 1458 4.812769482657661
1435 1463 6.2952702840166
1435 1467 5.365300021835173
1435 1475 6.190673021315361
1444 1458 5.294963017285027
1444 1463 5.025927898181348
1444 1467 5.632122275782947
1444 1475 4.8276017775062305
1444 1482 4.901428652275483
1444 1491 5.738658736439008
1449 1463 5.232894057921328
1458 1467 5.559038567146135
1463 1475 5.6416619331504405
1475 1491 6.575613280050974
1482 1503 6.701507340405572
1503 1517 6.487414664703817
1508 1524 6.691274954582951
1517 1532 5.826567981045972
1524 1536 5.337669331632234
1524 1543 6.198948845877382
1532 1543 5.476885385789633
1552 1566 5.193485500670626
1559 1571 5.421949396128934
1566 1580 5.5631458552535005
1571 1587 5.322301681861839
1580 1598 5.295336297669021
1598 1611 5.465641288615364
1619 1637 5.353015872435628
1619 1645 5.2440649340136485
1619 1653 5.310193746543223
1628 1645 5.864265106705391
1628 1653 5.994149835483761
1637 1653 6.179867789041429
